57
450.000000 200.000000 50.000000 50.000000 0 121 241 255
450.000000 200.000000 50.000000 50.000000 0 121 241 255
450.000000 200.000000 50.000000 50.000000 0 121 241 255
450.000000 200.000000 50.000000 50.000000 0 121 241 255
450.000000 200.000000 50.000000 50.000000 0 121 241 255
450.000000 200.000000 50.000000 50.000000 0 121 241 255
450.000000 200.000000 50.000000 50.000000 0 121 241 255
450.000000 200.000000 50.000000 50.000000 0 121 241 255
450.000000 200.000000 50.000000 50.000000 0 121 241 255
450.000000 200.000000 50.000000 50.000000 0 121 241 255
450.000000 200.000000 50.000000 50.000000 0 121 241 255
500.000000 250.000000 50.000000 50.000000 0 121 241 255
500.000000 250.000000 50.000000 50.000000 0 121 241 255
500.000000 250.000000 50.000000 50.000000 0 121 241 255
500.000000 250.000000 50.000000 50.000000 0 121 241 255
500.000000 250.000000 50.000000 50.000000 0 121 241 255
500.000000 250.000000 50.000000 50.000000 0 121 241 255
500.000000 250.000000 50.000000 50.000000 0 121 241 255
500.000000 250.000000 50.000000 50.000000 0 121 241 255
500.000000 250.000000 50.000000 50.000000 0 121 241 255
500.000000 250.000000 50.000000 50.000000 0 121 241 255
500.000000 250.000000 50.000000 50.000000 0 121 241 255
500.000000 250.000000 50.000000 50.000000 0 121 241 255
400.000000 150.000000 50.000000 50.000000 0 121 241 255
400.000000 150.000000 50.000000 50.000000 0 121 241 255
400.000000 150.000000 50.000000 50.000000 0 121 241 255
400.000000 150.000000 50.000000 50.000000 0 121 241 255
400.000000 150.000000 50.000000 50.000000 0 121 241 255
400.000000 150.000000 50.000000 50.000000 0 121 241 255
400.000000 150.000000 50.000000 50.000000 0 121 241 255
400.000000 150.000000 50.000000 50.000000 0 121 241 255
400.000000 150.000000 50.000000 50.000000 0 121 241 255
400.000000 150.000000 50.000000 50.000000 0 121 241 255
400.000000 150.000000 50.000000 50.000000 0 121 241 255
400.000000 150.000000 50.000000 50.000000 0 121 241 255
400.000000 250.000000 50.000000 50.000000 0 121 241 255
400.000000 250.000000 50.000000 50.000000 0 121 241 255
400.000000 250.000000 50.000000 50.000000 0 121 241 255
400.000000 250.000000 50.000000 50.000000 0 121 241 255
400.000000 250.000000 50.000000 50.000000 0 121 241 255
400.000000 250.000000 50.000000 50.000000 0 121 241 255
400.000000 250.000000 50.000000 50.000000 0 121 241 255
400.000000 250.000000 50.000000 50.000000 0 121 241 255
400.000000 250.000000 50.000000 50.000000 0 121 241 255
400.000000 250.000000 50.000000 50.000000 0 121 241 255
400.000000 250.000000 50.000000 50.000000 0 121 241 255
500.000000 150.000000 50.000000 50.000000 0 121 241 255
500.000000 150.000000 50.000000 50.000000 0 121 241 255
500.000000 150.000000 50.000000 50.000000 0 121 241 255
500.000000 150.000000 50.000000 50.000000 0 121 241 255
500.000000 150.000000 50.000000 50.000000 0 121 241 255
500.000000 150.000000 50.000000 50.000000 0 121 241 255
500.000000 150.000000 50.000000 50.000000 0 121 241 255
500.000000 150.000000 50.000000 50.000000 0 121 241 255
500.000000 150.000000 50.000000 50.000000 0 121 241 255
500.000000 150.000000 50.000000 50.000000 0 121 241 255
500.000000 150.000000 50.000000 50.000000 0 121 241 255
